82,91
80,7
82,90
82,89
82,88
82,87
82,86
82,85
82,84
82,83
82,82
82,81
82,80
82,79
82,78
82,77
82,76
82,75
82,2
82,0
82,34
82,33
82,32
82,31
82,30
82,29
82,28
82,27
82,26
82,25
82,24
82,23
82,22
91,35
3,2
3,1
3,3
10,224
10,188
10,114
10,228
10,276
10,254
10,215
10,241
10,2
10,3
11,17
9,7
9,5
9,2
9,3
8,8
8,15
8,10
8,13
8,5
8,2
8,3
0,318
84,7
84,6
84,5
84,4
84,3
84,2
84,1
83,5
83,4
83,3
83,1
82,74
82,73
82,72
82,71
82,70
82,69
82,68
82,67
82,66
82,65
82,64
82,37
82,36
82,35
82,11
82,10
82,9
82,8
82,7
82,6
82,5
82,4
82,3
82,1
80,5
80,4
80,3
80,1
79,4
79,3
79,1
78,4
78,3
78,1
77,5
77,4
77,3
77,1
76,5
76,3
76,1
75,4
75,3
75,1
74,5
74,4
74,3
74,1
73,4
73,3
73,1
20,3
20,2
20,1
